% # columns="iter, evals, sigma, 0, fitness, xbest" seed=258449, Fri Mar 16 14:46:21 2018, <python>{}</python>
1 8 0.0630754733036 0 0.316674030199 0.923787680372 0.076050854827 0.170289070372 0.82406209205
2 16 0.068052184463 0 0.289531234587 0.901109591458 0.0903325897479 0.240891234071 0.754126165797
3 24 0.0760857485679 0 0.280182610849 0.886516596503 0.119353975091 0.327305683787 0.674154792862
4 32 0.0799850586438 0 0.290987338119 0.854851159918 0.149344994524 0.388329809867 0.612169749884
5 40 0.0857210225814 0 0.284382518309 0.845439332719 0.148911503248 0.410881665482 0.593593333474
6 48 0.0794938444768 0 0.276939308028 0.850442585335 0.143865422989 0.41003058727 0.590790794593
7 56 0.0990944517669 0 0.277098554136 0.80323360408 0.203638194117 0.579510461706 0.43028086527
8 64 0.117977558849 0 0.284800584821 0.752386586218 0.243762838373 0.666039916204 0.339672644275
9 72 0.090559209905 0 0.277621807885 0.807814340438 0.192058971079 0.538603263117 0.46066818579
10 80 0.0758245240242 0 0.276753393468 0.822431535183 0.184811136557 0.515397699569 0.480852141699
11 88 0.0640185025061 0 0.279261669231 0.838483409592 0.163586967977 0.447268281224 0.543984135352
12 96 0.0499125063507 0 0.277359858366 0.812256657433 0.188999970291 0.536707334658 0.472034116231
13 104 0.0483760234229 0 0.276471492897 0.800768021357 0.198692629076 0.562110012625 0.436891664047
14 112 0.0391693770096 0 0.276225498567 0.807793864578 0.201619202685 0.565262657153 0.437713340075
15 120 0.0434179296547 0 0.277134603148 0.826015816161 0.173631010863 0.494348197873 0.508041341409
16 128 0.0331796333954 0 0.276491606615 0.816673606194 0.181937281017 0.513778793912 0.483118847786
17 136 0.0277568280572 0 0.276560188875 0.809571412512 0.184606491121 0.529517913632 0.476184619
18 144 0.0234887132597 0 0.276511666915 0.821494851047 0.172347220802 0.493801652912 0.509884275945
19 152 0.0178331935846 0 0.276412624191 0.814167819551 0.18182496972 0.516425746891 0.483456029663
20 160 0.0166342089656 0 0.276190573228 0.825251414427 0.171100378727 0.491325083657 0.514937068174
21 168 0.0172663892319 0 0.276938518866 0.830837509638 0.169342513609 0.481031420599 0.524629300038
22 176 0.0146988021684 0 0.276588764332 0.824609769119 0.167071816416 0.485588932886 0.523023309598
23 184 0.0116349541185 0 0.277179652291 0.826976109193 0.1706724625 0.482640224094 0.51318761807
24 192 0.0103146843985 0 0.276226478862 0.82697091419 0.170718789806 0.48708359808 0.516602918322
25 200 0.0102072304951 0 0.276443520334 0.827200630066 0.17575638857 0.489649334014 0.504256937967
26 208 0.00881906331174 0 0.276349500229 0.82607742519 0.172519619674 0.492100768321 0.51281772429
27 216 0.0104722138647 0 0.276851093703 0.826235206763 0.175543200214 0.490917954124 0.502104163738
28 224 0.00855474360973 0 0.276162084224 0.826761199291 0.172808174841 0.489001125425 0.510941958707
29 232 0.00794606786474 0 0.276669903444 0.828373990511 0.176519435189 0.488617228334 0.503703226766
30 240 0.00745553518526 0 0.276254586426 0.824663228196 0.175077325762 0.494735576284 0.504197683316
31 248 0.00700456083569 0 0.276212066041 0.826558139257 0.174273710256 0.488675330178 0.506652653868
32 256 0.00796434365893 0 0.276364712837 0.821987789965 0.171524463719 0.49723229652 0.512274949656
33 264 0.00593744572503 0 0.276451146221 0.824060123801 0.17259650174 0.492974022961 0.509665822244
34 272 0.00498209049294 0 0.276186954142 0.825078214535 0.174564740422 0.493562906638 0.505761121968
35 280 0.00500955544272 0 0.276318088605 0.825063953961 0.176365584693 0.493870937695 0.500541345759
36 288 0.00460042668677 0 0.276268621575 0.825915775982 0.174058669072 0.491886609754 0.507950723037
37 296 0.00398113149458 0 0.276142844843 0.826330258729 0.17510306767 0.489400228793 0.504092319686
38 304 0.00376938242926 0 0.276160997886 0.826021816539 0.174052477703 0.490039057629 0.506951131877
39 312 0.00426021351251 0 0.276206389247 0.826074746165 0.173974532356 0.488963881977 0.507097508001
40 320 0.00454549050035 0 0.276160610332 0.828142585901 0.173390460742 0.483551271779 0.508651421911
41 328 0.0042831608026 0 0.276161100974 0.827032257457 0.172593772095 0.485968323023 0.510743621344
42 336 0.00382075090889 0 0.276162791367 0.827466968531 0.173350769778 0.486107803232 0.508988300576
43 344 0.00349336093083 0 0.276161211002 0.828397967575 0.173853691411 0.484899372562 0.508168502791
44 352 0.00277377603372 0 0.276166398253 0.827372637086 0.173095401054 0.486049575479 0.509712340152
45 360 0.00296078663349 0 0.276162531623 0.827012352349 0.174907068413 0.489156120345 0.505313519118
46 368 0.00298498140597 0 0.276143406023 0.827275998643 0.174832937317 0.487674561411 0.505196361332
47 376 0.0025266788282 0 0.276142547791 0.827242813896 0.174353998403 0.488027920949 0.506639762485
48 384 0.00268473080751 0 0.276148226355 0.826299526112 0.175234120692 0.491495778601 0.5044530348
49 392 0.00252571800266 0 0.276142905036 0.826494802367 0.174954695566 0.490624151854 0.505111877884
50 400 0.00246006793054 0 0.276151439174 0.826962146616 0.176860588164 0.491153957236 0.500405898592
51 408 0.00222478039622 0 0.276146074808 0.826430496497 0.175143855138 0.491256627026 0.504747236041
52 416 0.00201891801584 0 0.276146500763 0.826689891405 0.176351207635 0.49140563126 0.501645965925
53 424 0.00165020824259 0 0.276143190668 0.826718921857 0.176519183694 0.491664066128 0.501275403162
54 432 0.0014153169942 0 0.276142450054 0.826744528319 0.176600180135 0.491828924425 0.501131836572
55 440 0.00158812467701 0 0.276143464095 0.826175220782 0.175335653135 0.491731249374 0.504102535011
56 448 0.00164734795287 0 0.276149785824 0.826245813015 0.176882122334 0.493281563738 0.500375094352
57 456 0.00148625252795 0 0.27614441279 0.826520703659 0.176258382961 0.491712092689 0.501829773306
58 464 0.00124269787114 0 0.276143289402 0.826329117421 0.176406364665 0.492523045439 0.501508228502
59 472 0.000963188588423 0 0.276143087472 0.826412116692 0.176172926943 0.492120449249 0.502113185885
60 480 0.000803498358201 0 0.276143322439 0.826506959149 0.176502864682 0.49213153614 0.50127957264
61 488 0.000945985093297 0 0.276143809543 0.826653083202 0.17678257086 0.492186934512 0.500655872564
62 496 0.000986574672918 0 0.276142895444 0.826652272143 0.177093645433 0.492264751661 0.499799508013
63 504 0.000836178608968 0 0.276142641083 0.826686806602 0.176998669091 0.492219273951 0.500084315374
64 512 0.000759651378297 0 0.276143578587 0.826598198049 0.176598820894 0.491920301124 0.501025625068
65 520 0.000936362008782 0 0.276142482818 0.826762165575 0.177389313023 0.492316522459 0.499089977446
66 528 0.00078173242933 0 0.276142735531 0.826767867699 0.177107458965 0.491945204188 0.499762492275
67 536 0.000708501127939 0 0.276142702813 0.826839019326 0.177238209168 0.492009306848 0.499484667529
68 544 0.000585019674125 0 0.276142459356 0.826659493659 0.177018676634 0.492202209116 0.499995124416
69 552 0.000506678237115 0 0.276142592226 0.826725479762 0.176864228071 0.49185166801 0.500374489427
70 560 0.000429966490886 0 0.276142825665 0.826677356892 0.176952349542 0.492037735598 0.500143728579
71 568 0.000458796463835 0 0.276142478116 0.826709053289 0.177213856451 0.492193109677 0.499489481398
72 576 0.000447872959992 0 0.276142483803 0.826666249196 0.177136832162 0.49223344731 0.499678816334
73 584 0.000524677053274 0 0.27614261934 0.826718648343 0.177355827908 0.492210549773 0.499102910927
74 592 0.000624372014068 0 0.276142777648 0.826614857722 0.177107396538 0.492235346266 0.499712388191
75 600 0.000661868287629 0 0.276142416609 0.826515926644 0.176966136365 0.492216141085 0.500004721844
76 608 0.000655018085467 0 0.276142389468 0.82662765835 0.177096266927 0.492232585057 0.499754323969
77 616 0.000664996367118 0 0.276142379595 0.826642200539 0.176926369303 0.491895815634 0.500130308432
78 624 0.000586685984419 0 0.276142519818 0.826572267449 0.176996411408 0.492030148825 0.4999095001
79 632 0.000508772107548 0 0.276142510166 0.826556939971 0.176669135811 0.491854354299 0.50075841442
80 640 0.000413086400825 0 0.27614247471 0.82666234253 0.176867991808 0.491842816154 0.500297163532
81 648 0.000339033055372 0 0.276142376869 0.826595721731 0.17678173351 0.491855188224 0.500478547864
82 656 0.000338825938107 0 0.276142381706 0.826565149627 0.176886625097 0.49211307481 0.500242491256
83 664 0.000314454518599 0 0.276142376087 0.826603334709 0.176860520231 0.491916826113 0.500285101786
84 672 0.000317055524531 0 0.276142382404 0.82652168096 0.176772827145 0.492042622902 0.50049598574
85 680 0.000296086940357 0 0.276142400881 0.826564595288 0.176824759617 0.491936206098 0.500354318841
86 688 0.000296890372591 0 0.276142376829 0.826576740727 0.176845617659 0.492065427146 0.500353205744
87 696 0.000252263544496 0 0.276142386399 0.826585195277 0.176787005383 0.491915057587 0.500474310849
88 704 0.000223865220138 0 0.276142375646 0.826513190145 0.176784409173 0.492095940741 0.500473562925
89 712 0.000201392342924 0 0.276142381831 0.826522333029 0.176831076505 0.492129863403 0.500362725903
90 720 0.000205622985822 0 0.276142379557 0.826534819113 0.17677764613 0.491990794687 0.500477135553
91 728 0.000183764569197 0 0.276142382468 0.826570638358 0.176895875321 0.492061572861 0.500203571111
92 736 0.000178712097175 0 0.276142376417 0.826543055514 0.17676989822 0.491970625748 0.500500168639
93 744 0.000155927049172 0 0.27614237868 0.826518099756 0.176756501104 0.492025629253 0.500532560282
94 752 0.00014622693039 0 0.276142383381 0.826569832183 0.176861617987 0.492012510451 0.500282355626
95 760 0.000137488356872 0 0.276142374933 0.826551371726 0.176828362761 0.491996744491 0.500352351307
96 768 0.000124271925741 0 0.276142378446 0.826546345969 0.176780508548 0.491944242958 0.500464127966
97 776 0.000137661410346 0 0.276142381282 0.826521976203 0.17675222791 0.491971571438 0.500529419977
98 784 0.000126430603384 0 0.276142375177 0.826529756917 0.176759991802 0.491966182567 0.50051331436
99 792 0.000108384465515 0 0.276142376028 0.826541860336 0.176777031348 0.491933161884 0.5004655453
100 800 0.00010209702149 0 0.276142374916 0.826521656143 0.176738289122 0.491964806659 0.500566110659
101 808 9.50878664144e-05 0 0.276142376698 0.826554057676 0.176774257787 0.491935113515 0.500486276334
102 816 9.87059808655e-05 0 0.276142375255 0.82654857766 0.176730698431 0.491904636826 0.500593229835
103 824 8.59127050721e-05 0 0.276142377026 0.826540044629 0.176722800966 0.49191847577 0.500611933243
104 832 9.76488489207e-05 0 0.276142374918 0.82655426778 0.17671465809 0.491884720403 0.500637246173
105 840 0.00011731524006 0 0.276142376015 0.826576756581 0.17675953755 0.491895422556 0.500536584346
106 848 0.000123113493799 0 0.276142376186 0.826582798689 0.176787122523 0.491886293072 0.500461377212
107 856 0.000118858479947 0 0.276142376126 0.8265646253 0.176766106047 0.491930840039 0.500518396913
108 864 9.82166084512e-05 0 0.276142375421 0.82657261699 0.176785053088 0.491922191023 0.500469737911
109 872 8.58941396725e-05 0 0.27614237495 0.826562559537 0.176763537545 0.491912807581 0.500517216215
110 880 8.116724575e-05 0 0.276142375003 0.826577589696 0.176759124119 0.491891101792 0.500537055642
111 888 9.25565613569e-05 0 0.276142374951 0.826565476578 0.176781023959 0.491941492389 0.500480816007
112 896 9.69022543628e-05 0 0.276142375058 0.826570391995 0.176749276571 0.491908994078 0.500564037083
113 904 8.45246120797e-05 0 0.276142375044 0.826566865762 0.17673671629 0.491907614628 0.500595548264
114 912 8.61325818039e-05 0 0.276142375281 0.826571357943 0.176711565741 0.491880953535 0.500661752323
115 920 6.81249546266e-05 0 0.27614237512 0.826574168376 0.176751151198 0.491900635085 0.500559555024
116 928 6.07620803791e-05 0 0.276142374983 0.826561437882 0.176706962823 0.491899063178 0.500671252958
117 936 5.77693944168e-05 0 0.276142374993 0.82656634574 0.17673032764 0.491916575909 0.500616266854
118 944 5.66589225743e-05 0 0.276142374991 0.826561370558 0.176736206094 0.491927587473 0.50059855806
119 952 5.47135167871e-05 0 0.276142374963 0.826578984174 0.176744727454 0.491895156613 0.500580603492
120 960 6.56971339737e-05 0 0.276142374958 0.826577263235 0.17673997165 0.491910860539 0.500597886157
121 968 6.65654620228e-05 0 0.276142374959 0.826584436318 0.176749921274 0.491906657274 0.500575431378
122 976 5.78823864246e-05 0 0.276142374991 0.826570287225 0.176756426573 0.491937280767 0.500553709674
123 984 5.19865829447e-05 0 0.276142374995 0.826566170212 0.176752068685 0.491923884691 0.500557182417
124 992 5.13874766814e-05 0 0.27614237494 0.826579606657 0.176768007009 0.491917145612 0.500523155654
125 1000 5.37941666416e-05 0 0.27614237492 0.826565638251 0.176772235615 0.491938941844 0.500504933003
126 1008 5.31788435299e-05 0 0.276142374933 0.826579571555 0.176779014468 0.491927985224 0.500495819022
127 1016 4.93356406431e-05 0 0.276142374938 0.826585055608 0.176776394506 0.491914764863 0.500504039453
128 1024 4.30809081283e-05 0 0.276142374935 0.826584251758 0.176772795794 0.491918822626 0.500514848922
129 1032 3.37864995553e-05 0 0.276142374919 0.826581639468 0.17677400592 0.491923105882 0.500510328182
130 1040 3.40023430851e-05 0 0.276142374918 0.826587774913 0.176764139015 0.491914510361 0.50054133247
131 1048 3.48508656554e-05 0 0.276142374921 0.826586422117 0.176770423932 0.491919562963 0.500523989618
132 1056 3.65213118009e-05 0 0.276142374917 0.826592639846 0.176796993175 0.491925445049 0.500457137797
133 1064 3.51633340027e-05 0 0.276142374922 0.826592687767 0.176783865501 0.491920323788 0.500492505765
134 1072 2.90770500149e-05 0 0.276142374916 0.826583707676 0.17677023145 0.491926839562 0.500524392247
135 1080 2.83225669432e-05 0 0.27614237492 0.826581217708 0.176780798346 0.491930382139 0.500493267089
136 1088 2.59262161826e-05 0 0.276142374917 0.826593254687 0.1767855857 0.491918890498 0.500487700458
137 1096 2.16886991068e-05 0 0.276142374918 0.826587611141 0.17677683075 0.491925465402 0.500509144229
138 1104 1.93893371199e-05 0 0.276142374917 0.826590522252 0.176776836737 0.49192262479 0.500511034099
139 1112 1.79672888189e-05 0 0.276142374916 0.826595441596 0.176776692081 0.491916701443 0.500514268379
140 1120 1.62066585449e-05 0 0.276142374916 0.826592558002 0.176779327614 0.491918980569 0.500504736162
141 1128 1.58971447475e-05 0 0.276142374916 0.826594265425 0.176782719183 0.491919483386 0.500497028553
142 1136 1.4015768673e-05 0 0.276142374917 0.826595345037 0.17678404923 0.491919531529 0.50049436324
143 1144 1.33857255718e-05 0 0.276142374916 0.826597818779 0.176782791062 0.491914828537 0.500498732863
144 1152 1.23823218622e-05 0 0.276142374916 0.826593068063 0.176778131611 0.491918857043 0.500508585356
145 1160 1.73231471576e-05 0 0.276142374917 0.826584803038 0.176768438862 0.491923516483 0.500529382932
146 1168 1.91919280571e-05 0 0.276142374916 0.826587422689 0.176770750056 0.491921087873 0.50052460689
147 1176 1.71100306818e-05 0 0.276142374916 0.826587846403 0.176775944901 0.491925078989 0.500511748439
148 1184 1.48235454823e-05 0 0.276142374915 0.826589251462 0.176776030535 0.49192339668 0.5005123165
149 1192 1.51056733593e-05 0 0.276142374916 0.826595823117 0.176776961946 0.491914581058 0.500513136936
150 1200 1.68117597698e-05 0 0.276142374916 0.826597709409 0.176783711063 0.491914134885 0.500495776097
151 1208 1.8586819721e-05 0 0.276142374916 0.82660121875 0.176776679305 0.49190817416 0.500517066817
152 1216 1.86445194011e-05 0 0.276142374916 0.826588803713 0.176774835537 0.49192355164 0.500515303504
